Full_Path, IsValid,X,Y,ROI,Colour_group,N_in_clust,Area,Radius,Hue,Saturation,Rmean,Gmean,Bmean,Rsd,Gsd,Bsd, Comment
"\\Mac\Home\Desktop\ot1-colony-picker-master\2020 cropped.tiff", 0,941.081,1057.01,1,0,3,53,5,40,101,168.547,137.887,72.9434,4.89274,11.1566,11.8809, "2020-03-25 [15:20:29]: no comment"
"\\Mac\Home\Desktop\ot1-colony-picker-master\2020 cropped.tiff", 0,933.009,1056.22,1,0,3,82,6,50,85,154.11,142.256,76.8902,15.2435,15.893,10.9401, "2020-03-25 [15:20:29]: no comment"
"\\Mac\Home\Desktop\ot1-colony-picker-master\2020 cropped.tiff", 0,683.75,1057.25,1,0,3,104,7,54,84,152.356,144.067,76.6731,18.9882,12.0404,17.8063, "2020-03-25 [15:20:29]: no comment"
"\\Mac\Home\Desktop\ot1-colony-picker-master\2020 cropped.tiff", 0,698.1,1057.8,1,0,3,73,6,42,90,155.425,130.288,74.4932,8.57233,13.0495,14.0238, "2020-03-25 [15:20:29]: no comment"
"\\Mac\Home\Desktop\ot1-colony-picker-master\2020 cropped.tiff", 0,691.5,1056.5,1,0,3,64,5,38,93,168.156,133.719,78.4219,7.35467,11.2781,13.4245, "2020-03-25 [15:20:29]: no comment"
"\\Mac\Home\Desktop\ot1-colony-picker-master\2020 cropped.tiff", 0,1502.5,1052,1,0,2,118,6,34,156,156.847,105,38.0763,6.91268,5.84331,4.17607, "2020-03-25 [15:20:29]: no comment"
"\\Mac\Home\Desktop\ot1-colony-picker-master\2020 cropped.tiff", 0,649,931,1,0,2,30,4,178,145,80.2667,206.733,202.2,2.20922,5.02437,3.15097, "2020-03-25 [15:20:29]: no comment"
"\\Mac\Home\Desktop\ot1-colony-picker-master\2020 cropped.tiff", 0,1050.5,931.5,1,0,2,53,4,56,155,229.226,222.925,148.34,22.1023,8.21071,17.3672, "2020-03-25 [15:20:29]: no comment"
"\\Mac\Home\Desktop\ot1-colony-picker-master\2020 cropped.tiff", 1,1052.5,923,1,0,2,89,6,46,216,244.539,217.843,134.697,14.5995,14.8644,12.9337, "2020-03-25 [15:20:29]: no comment"
"\\Mac\Home\Desktop\ot1-colony-picker-master\2020 cropped.tiff", 0,1303.03,930.838,1,0,3,46,4,56,153,231.13,226.087,158.891,23.214,10.4428,20.0585, "2020-03-25 [15:20:29]: no comment"
"\\Mac\Home\Desktop\ot1-colony-picker-master\2020 cropped.tiff", 0,1304,923,1,0,3,106,7,50,190,239.84,224.443,152.019,20.0912,20.1745,21.4515, "2020-03-25 [15:20:29]: no comment"
"\\Mac\Home\Desktop\ot1-colony-picker-master\2020 cropped.tiff", 1,652.9,903.3,1,0,3,25,4,178,148,82.36,209.04,204.72,2.26111,3.45732,2.34224, "2020-03-25 [15:20:29]: no comment"
"\\Mac\Home\Desktop\ot1-colony-picker-master\2020 cropped.tiff", 1,646,897.5,1,0,3,45,5,178,162,85.4,216.711,210.667,5.69704,6.34425,5.06065, "2020-03-25 [15:20:29]: no comment"
"\\Mac\Home\Desktop\ot1-colony-picker-master\2020 cropped.tiff", 1,645.5,890,1,0,3,64,5,180,158,87.625,215.641,215.047,5.31386,6.56599,5.9353, "2020-03-25 [15:20:29]: no comment"
"\\Mac\Home\Desktop\ot1-colony-picker-master\2020 cropped.tiff", 1,425.5,885,1,0,2,44,4,176,147,83.2727,209.182,202.409,2.55744,4.27714,3.37715, "2020-03-25 [15:20:29]: no comment"
"\\Mac\Home\Desktop\ot1-colony-picker-master\2020 cropped.tiff", 1,423,878,1,0,2,29,4,178,156,88.1724,215.069,209.621,4.00653,5.6158,7.60415, "2020-03-25 [15:20:29]: no comment"
"\\Mac\Home\Desktop\ot1-colony-picker-master\2020 cropped.tiff", 1,892.5,868,1,0,2,26,4,182,188,95.5769,227.846,231.231,2.18234,4.44955,2.94754, "2020-03-25 [15:20:29]: no comment"
"\\Mac\Home\Desktop\ot1-colony-picker-master\2020 cropped.tiff", 1,886,867.5,1,0,2,22,4,182,186,94.9545,224.273,230.409,3.72158,4.04783,2.07277, "2020-03-25 [15:20:29]: no comment"
"\\Mac\Home\Desktop\ot1-colony-picker-master\2020 cropped.tiff", 1,739.6,866.8,1,0,2,69,5,178,201,95.1739,235.855,232.739,3.71846,9.38611,6.06666, "2020-03-25 [15:20:29]: no comment"
"\\Mac\Home\Desktop\ot1-colony-picker-master\2020 cropped.tiff", 1,736.235,859.441,1,0,2,72,5,182,205,97.3194,232.611,237.847,4.72613,9.72346,5.77743, "2020-03-25 [15:20:29]: no comment"
"\\Mac\Home\Desktop\ot1-colony-picker-master\2020 cropped.tiff", 1,122.5,838,1,0,2,29,4,164,118,105.966,200.103,175.759,3.8945,7.57238,9.88103, "2020-03-25 [15:20:29]: no comment"
"\\Mac\Home\Desktop\ot1-colony-picker-master\2020 cropped.tiff", 1,128.5,832,1,0,2,55,5,158,113,123.164,204.036,174.127,8.23065,14.8353,17.4339, "2020-03-25 [15:20:29]: no comment"
"\\Mac\Home\Desktop\ot1-colony-picker-master\2020 cropped.tiff", 0,181.432,803.905,1,0,2,84,6,54,235,249.536,238.06,130.083,7.6627,14.6873,27.7378, "2020-03-25 [15:20:29]: no comment"
"\\Mac\Home\Desktop\ot1-colony-picker-master\2020 cropped.tiff", 1,1182,728.5,1,0,2,122,7,182,219,96.3607,240.098,243.246,5.62542,8.09469,7.35727, "2020-03-25 [15:20:29]: no comment"
"\\Mac\Home\Desktop\ot1-colony-picker-master\2020 cropped.tiff", 1,1177.5,718.5,1,0,2,119,6,184,231,94.3697,238.521,247.008,5.62522,10.3798,5.48058, "2020-03-25 [15:20:29]: no comment"
"\\Mac\Home\Desktop\ot1-colony-picker-master\2020 cropped.tiff", 1,1158.5,737,1,0,4,124,7,182,239,105.363,246.298,249.653,4.10394,6.92423,6.82825, "2020-03-25 [15:20:29]: no comment"
"\\Mac\Home\Desktop\ot1-colony-picker-master\2020 cropped.tiff", 1,1126.75,727.75,1,0,4,86,5,178,143,96.3837,210.244,206.767,4.13706,15.9113,29.1163, "2020-03-25 [15:20:29]: no comment"
"\\Mac\Home\Desktop\ot1-colony-picker-master\2020 cropped.tiff", 1,1119.3,719.6,1,0,4,114,6,176,144,96.5263,211.289,204.061,6.42284,16.6669,30.5651, "2020-03-25 [15:20:29]: no comment"
"\\Mac\Home\Desktop\ot1-colony-picker-master\2020 cropped.tiff", 1,1138.5,699,1,0,2,107,7,184,233,96.5981,238.991,247.542,6.85791,8.13619,4.83852, "2020-03-25 [15:20:29]: no comment"
"\\Mac\Home\Desktop\ot1-colony-picker-master\2020 cropped.tiff", 1,1130,694.5,1,0,2,88,6,182,230,96.8295,240.977,247.159,4.95779,8.19529,4.71081, "2020-03-25 [15:20:29]: no comment"
"\\Mac\Home\Desktop\ot1-colony-picker-master\2020 cropped.tiff", 1,852,684,1,0,3,52,5,168,188,110.212,233.115,209.673,5.226,10.2957,24.9195, "2020-03-25 [15:20:29]: no comment"
"\\Mac\Home\Desktop\ot1-colony-picker-master\2020 cropped.tiff", 1,852.5,672.5,1,0,3,42,4,172,212,112.667,242.095,225.69,3.74006,10.1386,19.9278, "2020-03-25 [15:20:29]: no comment"
"\\Mac\Home\Desktop\ot1-colony-picker-master\2020 cropped.tiff", 1,1096.5,673,1,0,2,84,6,172,138,107.238,211.274,197.964,5.13642,15.0825,27.5188, "2020-03-25 [15:20:29]: no comment"
"\\Mac\Home\Desktop\ot1-colony-picker-master\2020 cropped.tiff", 1,1221.5,662,1,0,2,56,5,182,234,89.1429,241.429,247.518,4.85648,8.05301,6.59972, "2020-03-25 [15:20:29]: no comment"
"\\Mac\Home\Desktop\ot1-colony-picker-master\2020 cropped.tiff", 1,1232.3,662.1,1,0,2,92,7,184,243,91.7283,240.598,250.978,4.97302,10.5974,4.02877, "2020-03-25 [15:20:29]: no comment"
"\\Mac\Home\Desktop\ot1-colony-picker-master\2020 cropped.tiff", 1,680,668,1,0,5,47,5,178,215,89.0851,240.851,238.255,2.80814,7.72556,5.95713, "2020-03-25 [15:20:29]: no comment"
"\\Mac\Home\Desktop\ot1-colony-picker-master\2020 cropped.tiff", 1,664,668,1,0,5,50,5,178,228,91.5,245.68,241.8,3.0025,6.77387,6.95315, "2020-03-25 [15:20:29]: no comment"
"\\Mac\Home\Desktop\ot1-colony-picker-master\2020 cropped.tiff", 1,666,660.5,1,0,5,62,5,178,228,94.0323,245.839,242.065,4.47325,5.9974,6.65649, "2020-03-25 [15:20:29]: no comment"
"\\Mac\Home\Desktop\ot1-colony-picker-master\2020 cropped.tiff", 1,677.5,657,1,0,5,43,4,182,219,96.9302,239.86,242.674,4.00693,8.79261,4.95157, "2020-03-25 [15:20:29]: no comment"
"\\Mac\Home\Desktop\ot1-colony-picker-master\2020 cropped.tiff", 1,1208,651.5,1,0,2,45,5,182,243,93.6889,248.022,250.822,3.26884,4.34324,3.65237, "2020-03-25 [15:20:29]: no comment"
"\\Mac\Home\Desktop\ot1-colony-picker-master\2020 cropped.tiff", 1,1156.25,653.25,1,0,2,66,5,184,231,92.0909,235.606,247.409,4.46291,7.73498,5.57257, "2020-03-25 [15:20:29]: no comment"
"\\Mac\Home\Desktop\ot1-colony-picker-master\2020 cropped.tiff", 1,1150.75,647.25,1,0,2,74,5,184,237,93.8514,238.703,248.865,4.3397,8.09726,4.87063, "2020-03-25 [15:20:29]: no comment"
"\\Mac\Home\Desktop\ot1-colony-picker-master\2020 cropped.tiff", 0,1125,595.5,1,0,2,251,10,186,126,115.514,198.371,208.028,7.69206,29.3966,40.4236, "2020-03-25 [15:20:29]: no comment"
"\\Mac\Home\Desktop\ot1-colony-picker-master\2020 cropped.tiff", 0,1143,583,1,0,2,187,9,182,117,116.69,201.444,203.765,7.41189,28.3071,37.3518, "2020-03-25 [15:20:29]: no comment"
"\\Mac\Home\Desktop\ot1-colony-picker-master\2020 cropped.tiff", 1,893,584,1,0,2,86,6,172,160,119.616,223.884,210.349,5.40182,20.1963,28.5368, "2020-03-25 [15:20:29]: no comment"
"\\Mac\Home\Desktop\ot1-colony-picker-master\2020 cropped.tiff", 0,899.5,575,1,0,2,100,7,180,101,127.86,198.79,200.35,5.64332,28.0419,29.3674, "2020-03-25 [15:20:29]: no comment"
"\\Mac\Home\Desktop\ot1-colony-picker-master\2020 cropped.tiff", 0,1114.79,477.983,1,0,3,100,6,166,123,111.65,204.78,183.58,5.59647,17.0907,41.6316, "2020-03-25 [15:20:29]: no comment"
"\\Mac\Home\Desktop\ot1-colony-picker-master\2020 cropped.tiff", 0,1111,469.5,1,0,3,88,6,168,146,110.739,216.466,196.386,5.14919,13.7002,39.0049, "2020-03-25 [15:20:29]: no comment"
"\\Mac\Home\Desktop\ot1-colony-picker-master\2020 cropped.tiff", 1,699.3,464.1,1,0,2,82,5,178,242,102.89,250.732,246.341,4.82867,5.51569,6.09954, "2020-03-25 [15:20:29]: no comment"
"\\Mac\Home\Desktop\ot1-colony-picker-master\2020 cropped.tiff", 1,708.038,458.808,1,0,2,109,6,182,238,106.119,245.413,249.89,4.75567,8.69989,4.44109, "2020-03-25 [15:20:29]: no comment"
"\\Mac\Home\Desktop\ot1-colony-picker-master\2020 cropped.tiff", 1,984.5,467,1,0,2,119,7,180,239,102.857,247.605,250.437,5.13285,6.42979,3.58515, "2020-03-25 [15:20:29]: no comment"
"\\Mac\Home\Desktop\ot1-colony-picker-master\2020 cropped.tiff", 1,980,455,1,0,2,51,5,182,245,101.961,247.608,252.196,4.73096,6.97077,3.71539, "2020-03-25 [15:20:29]: no comment"
"\\Mac\Home\Desktop\ot1-colony-picker-master\2020 cropped.tiff", 1,908,439,1,0,2,47,5,184,236,96.8723,238.213,249.106,3.16959,6.04843,4.70872, "2020-03-25 [15:20:29]: no comment"
"\\Mac\Home\Desktop\ot1-colony-picker-master\2020 cropped.tiff", 1,920,438,1,0,2,87,7,184,237,93.6092,240.46,248.92,4.12703,8.1387,4.84534, "2020-03-25 [15:20:29]: no comment"
"\\Mac\Home\Desktop\ot1-colony-picker-master\2020 cropped.tiff", 1,964.448,438.621,1,0,2,79,5,180,228,94.1899,244.165,245.684,5.42969,6.84273,6.89474, "2020-03-25 [15:20:29]: no comment"
"\\Mac\Home\Desktop\ot1-colony-picker-master\2020 cropped.tiff", 1,973.6,434.3,1,0,2,86,6,184,236,98.8721,238.174,248.547,4.63061,9.72339,4.56878, "2020-03-25 [15:20:29]: no comment"
"\\Mac\Home\Desktop\ot1-colony-picker-master\2020 cropped.tiff", 1,474.34,443.88,1,0,2,121,7,182,222,95.9835,238.347,244.355,5.43126,10.0039,7.6852, "2020-03-25 [15:20:29]: no comment"
"\\Mac\Home\Desktop\ot1-colony-picker-master\2020 cropped.tiff", 1,467,433,1,0,2,113,6,182,217,94.7434,236.575,242.044,5.30431,10.9306,6.99762, "2020-03-25 [15:20:29]: no comment"
"\\Mac\Home\Desktop\ot1-colony-picker-master\2020 cropped.tiff", 1,301,445.5,1,0,3,63,5,174,98,87.2381,180.413,172.127,6.52832,8.76364,13.6497, "2020-03-25 [15:20:29]: no comment"
"\\Mac\Home\Desktop\ot1-colony-picker-master\2020 cropped.tiff", 1,300.5,435.5,1,0,3,79,6,170,101,93.1392,185.013,170.468,11.1054,10.5831,17.1949, "2020-03-25 [15:20:29]: no comment"
"\\Mac\Home\Desktop\ot1-colony-picker-master\2020 cropped.tiff", 1,294.5,431.5,1,0,3,94,7,122,126,121.755,210.138,123.915,9.28827,19.8908,25.9871, "2020-03-25 [15:20:29]: no comment"
"\\Mac\Home\Desktop\ot1-colony-picker-master\2020 cropped.tiff", 1,414.5,433.5,1,0,2,92,6,180,233,98.6304,245.957,248.217,5.07195,7.48395,5.46928, "2020-03-25 [15:20:29]: no comment"
"\\Mac\Home\Desktop\ot1-colony-picker-master\2020 cropped.tiff", 1,425.3,426.4,1,0,2,95,6,182,214,92.6737,238.411,241.232,3.84121,8.50788,5.5107, "2020-03-25 [15:20:29]: no comment"
"\\Mac\Home\Desktop\ot1-colony-picker-master\2020 cropped.tiff", 1,1165,426,1,0,3,64,5,184,231,95.8438,235.672,246.906,4.02189,10.6874,6.45928, "2020-03-25 [15:20:29]: no comment"
"\\Mac\Home\Desktop\ot1-colony-picker-master\2020 cropped.tiff", 1,1158.5,420.5,1,0,3,81,5,182,230,96.6667,241.753,247.173,4.53815,9.39978,5.763, "2020-03-25 [15:20:29]: no comment"
"\\Mac\Home\Desktop\ot1-colony-picker-master\2020 cropped.tiff", 1,1156,412,1,0,3,42,4,186,231,93.0238,231.024,247.024,3.61396,7.22012,5.06781, "2020-03-25 [15:20:29]: no comment"
"\\Mac\Home\Desktop\ot1-colony-picker-master\2020 cropped.tiff", 1,165,409,1,0,2,60,6,182,116,81.4,187.783,190.3,4.62031,8.66397,5.34473, "2020-03-25 [15:20:29]: no comment"
"\\Mac\Home\Desktop\ot1-colony-picker-master\2020 cropped.tiff", 1,161,399.5,1,0,2,37,4,178,119,79.3243,191.486,186.703,2.45294,6.40581,4.56306, "2020-03-25 [15:20:29]: no comment"
"\\Mac\Home\Desktop\ot1-colony-picker-master\2020 cropped.tiff", 1,1003.76,407.805,1,0,2,114,7,182,239,104.561,245.491,250.061,5.38105,7.84444,4.84864, "2020-03-25 [15:20:29]: no comment"
"\\Mac\Home\Desktop\ot1-colony-picker-master\2020 cropped.tiff", 1,1003.79,397.177,1,0,2,134,7,182,239,105.336,243.56,250.007,5.64235,8.88302,4.21028, "2020-03-25 [15:20:29]: no comment"
"\\Mac\Home\Desktop\ot1-colony-picker-master\2020 cropped.tiff", 1,1131.02,402.36,1,0,3,67,6,182,242,101.851,245.866,250.687,4.15875,8.62145,4.76634, "2020-03-25 [15:20:29]: no comment"
"\\Mac\Home\Desktop\ot1-colony-picker-master\2020 cropped.tiff", 1,1124.25,397.25,1,0,3,57,5,182,239,99.6842,246.386,249.667,5.73567,6.65609,4.71499, "2020-03-25 [15:20:29]: no comment"
"\\Mac\Home\Desktop\ot1-colony-picker-master\2020 cropped.tiff", 1,1122.5,391,1,0,3,47,4,184,239,99.5745,240.894,250.362,4.18069,6.41564,4.61101, "2020-03-25 [15:20:29]: no comment"
"\\Mac\Home\Desktop\ot1-colony-picker-master\2020 cropped.tiff", 1,354,401.5,1,0,2,89,6,174,213,111.202,241.933,228.326,6.89835,8.95323,16.4693, "2020-03-25 [15:20:29]: no comment"
"\\Mac\Home\Desktop\ot1-colony-picker-master\2020 cropped.tiff", 1,362.8,393.4,1,0,2,97,6,180,225,110.856,243.515,245.67,4.93763,10.6283,9.46548, "2020-03-25 [15:20:29]: no comment"
"\\Mac\Home\Desktop\ot1-colony-picker-master\2020 cropped.tiff", 1,882,379,1,0,2,52,5,182,242,104.885,245.558,251.231,3.39915,5.5464,3.65747, "2020-03-25 [15:20:29]: no comment"
"\\Mac\Home\Desktop\ot1-colony-picker-master\2020 cropped.tiff", 1,886.5,370,1,0,2,68,5,184,245,106.735,240.147,251.559,3.04808,6.34752,3.2841, "2020-03-25 [15:20:29]: no comment"
"\\Mac\Home\Desktop\ot1-colony-picker-master\2020 cropped.tiff", 1,425,353.5,1,0,2,89,6,180,218,100.798,243.449,242.551,4.22623,9.18605,5.95374, "2020-03-25 [15:20:29]: no comment"
"\\Mac\Home\Desktop\ot1-colony-picker-master\2020 cropped.tiff", 1,411.846,352.731,1,0,2,86,6,178,218,101.465,243.186,239.686,4.28739,7.91058,8.05009, "2020-03-25 [15:20:29]: no comment"
"\\Mac\Home\Desktop\ot1-colony-picker-master\2020 cropped.tiff", 1,870.5,362,1,0,6,26,4,186,136,97.1538,195.808,207.462,1.98809,10.3727,12.6462, "2020-03-25 [15:20:29]: no comment"
"\\Mac\Home\Desktop\ot1-colony-picker-master\2020 cropped.tiff", 1,873.5,357,1,0,6,52,5,186,119,101.231,189.769,198.577,2.40897,15.143,17.5231, "2020-03-25 [15:20:29]: no comment"
"\\Mac\Home\Desktop\ot1-colony-picker-master\2020 cropped.tiff", 0,882.8,347.6,1,0,6,134,8,180,140,113.896,213.649,213.485,7.39994,24.9316,28.4144, "2020-03-25 [15:20:29]: no comment"
"\\Mac\Home\Desktop\ot1-colony-picker-master\2020 cropped.tiff", 1,906,341.5,1,0,6,71,7,180,216,111.479,242.563,242.521,5.18198,10.708,8.64873, "2020-03-25 [15:20:29]: no comment"
"\\Mac\Home\Desktop\ot1-colony-picker-master\2020 cropped.tiff", 1,892.5,341.5,1,0,6,43,5,186,132,103.767,198.186,207.163,2.87811,14.2107,14.9949, "2020-03-25 [15:20:29]: no comment"
"\\Mac\Home\Desktop\ot1-colony-picker-master\2020 cropped.tiff", 1,898,339.5,1,0,6,39,5,184,140,103.615,203.692,211.051,2.29328,13.8804,12.9098, "2020-03-25 [15:20:29]: no comment"
"\\Mac\Home\Desktop\ot1-colony-picker-master\2020 cropped.tiff", 1,656.647,243.412,1,0,3,49,5,174,202,116.837,239.082,226.49,4.50712,4.23777,10.9614, "2020-03-25 [15:20:29]: no comment"
"\\Mac\Home\Desktop\ot1-colony-picker-master\2020 cropped.tiff", 1,652,232,1,0,3,29,4,176,225,112.103,246.31,236.103,3.20258,3.74306,5.19643, "2020-03-25 [15:20:29]: no comment"
"\\Mac\Home\Desktop\ot1-colony-picker-master\2020 cropped.tiff", 1,1127.57,234.172,1,0,2,70,5,166,132,106.986,208.286,185.257,5.91788,14.1205,29.0162, "2020-03-25 [15:20:29]: no comment"
"\\Mac\Home\Desktop\ot1-colony-picker-master\2020 cropped.tiff", 1,1124,227.5,1,0,2,39,5,172,162,102.179,221.026,203.667,3.07391,11.391,23.7149, "2020-03-25 [15:20:29]: no comment"
"\\Mac\Home\Desktop\ot1-colony-picker-master\2020 cropped.tiff", 1,937,228,1,0,2,102,7,176,214,105.686,241.912,234.049,5.39915,9.34678,7.36993, "2020-03-25 [15:20:29]: no comment"
"\\Mac\Home\Desktop\ot1-colony-picker-master\2020 cropped.tiff", 1,927.5,228,1,0,2,82,6,176,211,105.28,241,232.634,5.63885,6.92226,8.47763, "2020-03-25 [15:20:29]: no comment"
"\\Mac\Home\Desktop\ot1-colony-picker-master\2020 cropped.tiff", 1,725.5,199,1,0,2,51,5,178,186,95.3725,229.686,226.51,2.35706,7.27004,4.57207, "2020-03-25 [15:20:29]: no comment"
"\\Mac\Home\Desktop\ot1-colony-picker-master\2020 cropped.tiff", 1,950,205,1,0,2,53,5,178,171,92.8491,223.132,216.717,4.7285,7.41648,10.3916, "2020-03-25 [15:20:29]: no comment"
"\\Mac\Home\Desktop\ot1-colony-picker-master\2020 cropped.tiff", 1,964,201,1,0,2,134,7,176,201,120.194,238.649,229.597,15.3457,13.7831,16.2262, "2020-03-25 [15:20:29]: no comment"
"\\Mac\Home\Desktop\ot1-colony-picker-master\2020 cropped.tiff", 1,1120.04,194.78,1,0,2,28,4,184,187,98.4286,224.286,230.786,2.82108,6.24307,5.09143, "2020-03-25 [15:20:29]: no comment"
"\\Mac\Home\Desktop\ot1-colony-picker-master\2020 cropped.tiff", 1,1116,192.5,1,0,2,32,4,180,178,96.75,224.781,226.563,2,5.37132,3.66854, "2020-03-25 [15:20:29]: no comment"
"\\Mac\Home\Desktop\ot1-colony-picker-master\2020 cropped.tiff", 1,1045,165,1,0,2,29,4,46,155,234.103,219.207,168.586,8.99286,12.807,7.84567, "2020-03-25 [15:20:29]: no comment"
"\\Mac\Home\Desktop\ot1-colony-picker-master\2020 cropped.tiff", 1,1054.5,160,1,0,2,32,4,40,232,249.125,210.313,128.125,6.49289,7.33165,5.05239, "2020-03-25 [15:20:29]: no comment"
"\\Mac\Home\Desktop\ot1-colony-picker-master\2020 cropped.tiff", 1,301,163.5,1,0,3,61,6,62,92,200.82,203.492,144.082,17.2738,11.7515,14.8307, "2020-03-25 [15:20:29]: no comment"
"\\Mac\Home\Desktop\ot1-colony-picker-master\2020 cropped.tiff", 1,294.34,158.88,1,0,3,78,6,46,139,214.41,190.641,115.231,12.1176,16.4081,14.3733, "2020-03-25 [15:20:29]: no comment"
"\\Mac\Home\Desktop\ot1-colony-picker-master\2020 cropped.tiff", 1,851.5,164,1,0,3,54,5,140,145,192.796,237.63,207.722,11.8224,10.1293,18.0146, "2020-03-25 [15:20:29]: no comment"
"\\Mac\Home\Desktop\ot1-colony-picker-master\2020 cropped.tiff", 1,831.5,158,1,0,3,129,8,40,231,247.674,204.271,115.845,8.57307,11.4642,10.4191, "2020-03-25 [15:20:29]: no comment"
"\\Mac\Home\Desktop\ot1-colony-picker-master\2020 cropped.tiff", 1,589.732,163.585,1,0,2,88,6,56,125,228.227,225.045,175.58,17.2241,10.1947,19.0723, "2020-03-25 [15:20:29]: no comment"
"\\Mac\Home\Desktop\ot1-colony-picker-master\2020 cropped.tiff", 0,581.5,156.5,1,0,2,184,9,50,215,245.489,226.897,138.179,13.6465,14.8232,29.2388, "2020-03-25 [15:20:29]: no comment"
"\\Mac\Home\Desktop\ot1-colony-picker-master\2020 cropped.tiff", 1,1305,160.5,1,0,3,58,5,50,181,239.948,228.224,165.724,16.8315,10.2867,19.0944, "2020-03-25 [15:20:29]: no comment"
"\\Mac\Home\Desktop\ot1-colony-picker-master\2020 cropped.tiff", 0,1304,154,1,0,3,46,4,52,137,231.326,223.826,175.065,20.1562,9.84481,15.8125, "2020-03-25 [15:20:29]: no comment"
"\\Mac\Home\Desktop\ot1-colony-picker-master\2020 cropped.tiff", 0,1506.54,32.3077,1,0,2,187,9,32,153,143.893,93.1444,36.2246,11.7001,9.584,4.95467, "2020-03-25 [15:20:29]: no comment"
"\\Mac\Home\Desktop\ot1-colony-picker-master\2020 cropped.tiff", 0,1499,22,1,0,2,271,10,32,154,153.745,100.801,38.2989,13.2744,11.3822,5.82414, "2020-03-25 [15:20:29]: no comment"
"\\Mac\Home\Desktop\ot1-colony-picker-master\2020 cropped.tiff", 0,675,5.5,1,0,3,55,6,90,187,136.364,222.764,48.1273,23.0754,44.3317,36.0906, "2020-03-25 [15:20:29]: no comment"
"\\Mac\Home\Desktop\ot1-colony-picker-master\2020 cropped.tiff", 0,665.5,5,1,0,3,43,4,94,238,119.628,246.651,29.3721,12.0601,15.9696,12.9748, "2020-03-25 [15:20:29]: no comment"
"\\Mac\Home\Desktop\ot1-colony-picker-master\2020 cropped.tiff", 0,128.317,28.055,1,0,2,214,9,44,146,133.196,106.266,35.757,15.7137,8.05248,4.14996, "2020-03-25 [15:20:29]: no comment"
"\\Mac\Home\Desktop\ot1-colony-picker-master\2020 cropped.tiff", 0,136,14.5,1,0,2,304,10,38,152,142.184,103.49,35.9375,12.0581,10.4029,6.09573, "2020-03-25 [15:20:29]: no comment"
"\\Mac\Home\Desktop\ot1-colony-picker-master\2020 cropped.tiff", 0,1594.5,1064.5,1,0,1,33,4,50,164,23.1818,20,4.90909,4.31621,4.72542,2.79838, "2020-03-25 [15:20:29]: no comment"
"\\Mac\Home\Desktop\ot1-colony-picker-master\2020 cropped.tiff", 0,132.695,1057.74,1,0,1,396,12,40,146,135.818,101.677,36.9596,11.5721,9.45676,5.32439, "2020-03-25 [15:20:29]: no comment"
"\\Mac\Home\Desktop\ot1-colony-picker-master\2020 cropped.tiff", 0,870.3,1009.4,1,0,1,30,4,46,177,227.133,198.567,100.2,17.6207,4.98901,4.01552, "2020-03-25 [15:20:29]: no comment"
"\\Mac\Home\Desktop\ot1-colony-picker-master\2020 cropped.tiff", 1,1130,960,1,0,1,65,5,178,140,86.3692,206.262,200.815,2.44189,5.53118,3.42989, "2020-03-25 [15:20:29]: no comment"
"\\Mac\Home\Desktop\ot1-colony-picker-master\2020 cropped.tiff", 1,921,961,1,0,1,114,7,176,145,85.1579,208.228,200.947,3.62438,8.729,5.265, "2020-03-25 [15:20:29]: no comment"
"\\Mac\Home\Desktop\ot1-colony-picker-master\2020 cropped.tiff", 1,396,954,1,0,1,102,6,178,133,86.0686,201.559,197.137,4.29069,7.98679,5.31377, "2020-03-25 [15:20:29]: no comment"
"\\Mac\Home\Desktop\ot1-colony-picker-master\2020 cropped.tiff", 0,1606,955,1,0,1,134,7,38,151,157.007,115,39.9851,8.99673,6.02531,3.89102, "2020-03-25 [15:20:29]: no comment"
"\\Mac\Home\Desktop\ot1-colony-picker-master\2020 cropped.tiff", 0,20.5,948.5,1,0,1,516,14,38,155,139.548,101.419,34.3857,15.405,15.3032,5.0996, "2020-03-25 [15:20:29]: no comment"
"\\Mac\Home\Desktop\ot1-colony-picker-master\2020 cropped.tiff", 1,681.5,923.5,1,0,1,39,4,178,140,77.3333,202.641,196.949,2.43818,5.78506,4.63705, "2020-03-25 [15:20:29]: no comment"
"\\Mac\Home\Desktop\ot1-colony-picker-master\2020 cropped.tiff", 1,181,920.5,1,0,1,44,5,178,114,66.4773,173.386,170.091,2.42204,4.9209,3.9758, "2020-03-25 [15:20:29]: no comment"
"\\Mac\Home\Desktop\ot1-colony-picker-master\2020 cropped.tiff", 1,1334,920,1,0,1,54,5,46,128,211.111,189.167,122.389,9.33704,11.6367,9.22916, "2020-03-25 [15:20:29]: no comment"
"\\Mac\Home\Desktop\ot1-colony-picker-master\2020 cropped.tiff", 1,1125.5,919.5,1,0,1,40,4,180,143,85.45,207.1,204.65,4.39816,6.54437,4.30568, "2020-03-25 [15:20:29]: no comment"
"\\Mac\Home\Desktop\ot1-colony-picker-master\2020 cropped.tiff", 1,1079.5,920,1,0,1,54,5,44,159,223.704,198.185,121.481,9.929,13.8597,10.5136, "2020-03-25 [15:20:29]: no comment"
"\\Mac\Home\Desktop\ot1-colony-picker-master\2020 cropped.tiff", 1,1191,917.5,1,0,1,36,4,180,130,76.3333,197.444,195.611,2.56347,5.17961,4.05758, "2020-03-25 [15:20:29]: no comment"
"\\Mac\Home\Desktop\ot1-colony-picker-master\2020 cropped.tiff", 1,805.5,921.5,1,0,1,48,4,50,242,252,235.063,138.521,3.79881,13.5257,8.32003, "2020-03-25 [15:20:29]: no comment"
"\\Mac\Home\Desktop\ot1-colony-picker-master\2020 cropped.tiff", 1,582,919,1,0,1,29,4,48,236,251.034,231.828,149.552,6.07518,8.88744,18.0892, "2020-03-25 [15:20:29]: no comment"
"\\Mac\Home\Desktop\ot1-colony-picker-master\2020 cropped.tiff", 1,500.5,914.5,1,0,1,42,4,178,138,79.7857,202.571,200.381,2.7118,5.46757,2.88922, "2020-03-25 [15:20:29]: no comment"
"\\Mac\Home\Desktop\ot1-colony-picker-master\2020 cropped.tiff", 1,1278.5,914.5,1,0,1,39,4,158,161,174.744,236.897,215.41,15.651,10.9171,5.92361, "2020-03-25 [15:20:29]: no comment"
"\\Mac\Home\Desktop\ot1-colony-picker-master\2020 cropped.tiff", 1,931.5,915,1,0,1,45,4,178,150,81.5778,210.067,205.956,3.41743,5.89626,5.03846, "2020-03-25 [15:20:29]: no comment"
"\\Mac\Home\Desktop\ot1-colony-picker-master\2020 cropped.tiff", 1,852,914,1,0,1,34,4,134,160,197.882,242.088,208.118,8.10329,10.3537,13.218, "2020-03-25 [15:20:29]: no comment"
"\\Mac\Home\Desktop\ot1-colony-picker-master\2020 cropped.tiff", 1,1349,915.5,1,0,1,32,4,100,110,172.125,214.031,152.25,11.7027,7.9484,23.3774, "2020-03-25 [15:20:29]: no comment"
"\\Mac\Home\Desktop\ot1-colony-picker-master\2020 cropped.tiff", 1,604.75,913.25,1,0,1,52,4,148,154,194.269,240.231,214.788,11.6502,10.8481,12.2785, "2020-03-25 [15:20:29]: no comment"
"\\Mac\Home\Desktop\ot1-colony-picker-master\2020 cropped.tiff", 1,356,914.5,1,0,1,70,5,148,149,179.157,235.029,205.029,12.6651,13.8241,11.2831, "2020-03-25 [15:20:29]: no comment"
"\\Mac\Home\Desktop\ot1-colony-picker-master\2020 cropped.tiff", 0,1098.5,914.5,1,0,1,88,6,122,114,173.636,224.011,174.659,22.309,12.6634,25.2398, "2020-03-25 [15:20:29]: no comment"
"\\Mac\Home\Desktop\ot1-colony-picker-master\2020 cropped.tiff", 1,297,916.5,1,0,1,89,6,58,121,213.753,210.978,139.551,11.9229,8.93227,13.5457, "2020-03-25 [15:20:29]: no comment"
"\\Mac\Home\Desktop\ot1-colony-picker-master\2020 cropped.tiff", 1,1042,910,1,0,1,36,4,144,73,170,207.806,185.194,4.92287,16.9458,7.08194, "2020-03-25 [15:20:29]: no comment"
"\\Mac\Home\Desktop\ot1-colony-picker-master\2020 cropped.tiff", 1,879,911,1,0,1,58,6,180,151,90.7241,213.397,211.552,3.55824,6.31407,4.01818, "2020-03-25 [15:20:29]: no comment"
"\\Mac\Home\Desktop\ot1-colony-picker-master\2020 cropped.tiff", 1,783,911,1,0,1,52,5,160,120,172.135,224.558,208,19.5939,18.446,12.469, "2020-03-25 [15:20:29]: no comment"
"\\Mac\Home\Desktop\ot1-colony-picker-master\2020 cropped.tiff", 0,326,920,1,0,1,189,9,52,177,235.143,224.481,143.603,22.241,17.126,34.8224, "2020-03-25 [15:20:29]: no comment"
"\\Mac\Home\Desktop\ot1-colony-picker-master\2020 cropped.tiff", 1,696,908.5,1,0,1,48,4,178,140,77.3958,202.979,199.229,3.92788,5.9138,4.38033, "2020-03-25 [15:20:29]: no comment"
"\\Mac\Home\Desktop\ot1-colony-picker-master\2020 cropped.tiff", 1,998,907,1,0,1,28,4,180,149,93.8929,213.286,213.464,3.83271,5.27499,4.42764, "2020-03-25 [15:20:29]: no comment"
"\\Mac\Home\Desktop\ot1-colony-picker-master\2020 cropped.tiff", 1,551,919,1,0,1,134,7,50,159,224.642,207.119,125.537,12.3889,11.3578,20.145, "2020-03-25 [15:20:29]: no comment"
"\\Mac\Home\Desktop\ot1-colony-picker-master\2020 cropped.tiff", 1,725,903.5,1,0,1,61,5,180,144,82.918,207.049,207.148,3.80687,7.03386,6.29409, "2020-03-25 [15:20:29]: no comment"
"\\Mac\Home\Desktop\ot1-colony-picker-master\2020 cropped.tiff", 1,439,904,1,0,1,56,6,180,134,78.0357,199.786,198.339,2.86092,5.10885,4.98782, "2020-03-25 [15:20:29]: no comment"
"\\Mac\Home\Desktop\ot1-colony-picker-master\2020 cropped.tiff", 1,386.059,903.235,1,0,1,79,6,176,151,87.2911,212.392,202.646,4.75231,9.99988,6.87429, "2020-03-25 [15:20:29]: no comment"
"\\Mac\Home\Desktop\ot1-colony-picker-master\2020 cropped.tiff", 1,929.75,898.25,1,0,1,29,4,178,153,80.4483,211.483,205.207,4.11378,6.39873,5.6932, "2020-03-25 [15:20:29]: no comment"
"\\Mac\Home\Desktop\ot1-colony-picker-master\2020 cropped.tiff", 1,450,897,1,0,1,38,4,182,139,82.2632,199.316,204.105,2.9151,5.49037,8.64953, "2020-03-25 [15:20:29]: no comment"
"\\Mac\Home\Desktop\ot1-colony-picker-master\2020 cropped.tiff", 1,1424,893,1,0,1,42,4,178,114,74.3571,186.405,180.595,4.41441,6.0759,5.87002, "2020-03-25 [15:20:29]: no comment"
"\\Mac\Home\Desktop\ot1-colony-picker-master\2020 cropped.tiff", 1,909,892,1,0,1,53,5,180,162,84.6604,217.472,216.472,3.88093,8.02718,6.20741, "2020-03-25 [15:20:29]: no comment"
"\\Mac\Home\Desktop\ot1-colony-picker-master\2020 cropped.tiff", 1,740,891,1,0,1,64,5,182,168,86.2813,216.047,219.641,4.40711,8.41921,8.12032, "2020-03-25 [15:20:29]: no comment"
"\\Mac\Home\Desktop\ot1-colony-picker-master\2020 cropped.tiff", 1,1229.25,889.25,1,0,1,40,4,178,150,86.5,211.275,205.225,3.54951,4.50705,4.52482, "2020-03-25 [15:20:29]: no comment"
"\\Mac\Home\Desktop\ot1-colony-picker-master\2020 cropped.tiff", 1,1196,886,1,0,1,42,4,180,144,83.2619,207.333,206.667,3.04776,5.32417,5.21825, "2020-03-25 [15:20:29]: no comment"
"\\Mac\Home\Desktop\ot1-colony-picker-master\2020 cropped.tiff", 1,756.75,886.25,1,0,1,90,6,182,168,89.7667,217.411,221.178,5.09078,9.923,6.13718, "2020-03-25 [15:20:29]: no comment"
"\\Mac\Home\Desktop\ot1-colony-picker-master\2020 cropped.tiff", 1,1174,884,1,0,1,69,6,182,161,86.5652,214.391,216.928,4.1461,7.24898,6.31424, "2020-03-25 [15:20:29]: no comment"
"\\Mac\Home\Desktop\ot1-colony-picker-master\2020 cropped.tiff", 1,496.5,883,1,0,1,48,4,180,158,83.9375,212.979,215.479,3.39275,7.20984,3.27293, "2020-03-25 [15:20:29]: no comment"
"\\Mac\Home\Desktop\ot1-colony-picker-master\2020 cropped.tiff", 1,1463.5,878,1,0,1,73,5,174,111,76.5205,185.479,173.301,4.06598,6.27363,5.46197, "2020-03-25 [15:20:29]: no comment"
"\\Mac\Home\Desktop\ot1-colony-picker-master\2020 cropped.tiff", 1,397,878,1,0,1,94,7,178,164,89.8723,218.702,212.798,4.95516,9.62928,5.77934, "2020-03-25 [15:20:29]: no comment"
"\\Mac\Home\Desktop\ot1-colony-picker-master\2020 cropped.tiff", 1,705.75,873.75,1,0,1,74,5,180,174,90.0541,224.351,222.189,4.36473,8.14603,8.23669, "2020-03-25 [15:20:29]: no comment"
"\\Mac\Home\Desktop\ot1-colony-picker-master\2020 cropped.tiff", 1,940,869,1,0,1,53,5,176,185,91.3585,229.094,221.774,3.89498,7.72159,6.24005, "2020-03-25 [15:20:29]: no comment"
"\\Mac\Home\Desktop\ot1-colony-picker-master\2020 cropped.tiff", 1,694,868,1,0,1,39,4,178,172,91.2821,222.641,217.667,3.67897,7.55739,6.1007, "2020-03-25 [15:20:29]: no comment"
"\\Mac\Home\Desktop\ot1-colony-picker-master\2020 cropped.tiff", 1,612.5,864.5,1,0,1,75,5,176,119,106.253,200.613,194.307,3.90789,15.347,16.9374, "2020-03-25 [15:20:29]: no comment"
"\\Mac\Home\Desktop\ot1-colony-picker-master\2020 cropped.tiff", 1,1220,864.5,1,0,1,89,6,180,164,92.7191,218.494,220.449,4.21859,8.20194,6.00115, "2020-03-25 [15:20:29]: no comment"
"\\Mac\Home\Desktop\ot1-colony-picker-master\2020 cropped.tiff", 1,1202,862,1,0,1,92,6,174,184,88.8152,227.511,216.022,5.03229,9.17538,8.85324, "2020-03-25 [15:20:29]: no comment"
"\\Mac\Home\Desktop\ot1-colony-picker-master\2020 cropped.tiff", 1,912,859.5,1,0,1,36,4,180,193,101.833,233.528,234.278,3.84312,6.74691,4.54033, "2020-03-25 [15:20:29]: no comment"
"\\Mac\Home\Desktop\ot1-colony-picker-master\2020 cropped.tiff", 1,441.75,859.25,1,0,1,54,4,178,177,94.4259,225.759,223.296,4.50978,7.32437,6.17698, "2020-03-25 [15:20:29]: no comment"
"\\Mac\Home\Desktop\ot1-colony-picker-master\2020 cropped.tiff", 1,406.5,860,1,0,1,84,6,176,181,89.5357,226.917,218.405,4.83731,8.25096,7.88013, "2020-03-25 [15:20:29]: no comment"
"\\Mac\Home\Desktop\ot1-colony-picker-master\2020 cropped.tiff", 1,1449.5,840,1,0,1,48,4,170,173,103.813,226,205.938,3.46354,6.34244,4.14514, "2020-03-25 [15:20:29]: no comment"
"\\Mac\Home\Desktop\ot1-colony-picker-master\2020 cropped.tiff", 1,1240.5,835.5,1,0,1,38,4,190,98,104.5,173.237,188.237,5.09589,13.3319,12.3866, "2020-03-25 [15:20:29]: no comment"
"\\Mac\Home\Desktop\ot1-colony-picker-master\2020 cropped.tiff", 0,195.5,823,1,0,1,54,5,170,151,189.37,238.204,229.593,21.1663,17.4636,11.9299, "2020-03-25 [15:20:29]: no comment"
"\\Mac\Home\Desktop\ot1-colony-picker-master\2020 cropped.tiff", 1,1447.5,806.5,1,0,1,40,4,48,171,230.15,210.75,129.3,11.3912,10.8381,4.95095, "2020-03-25 [15:20:29]: no comment"
"\\Mac\Home\Desktop\ot1-colony-picker-master\2020 cropped.tiff", 1,1446.5,776.5,1,0,1,89,6,50,215,244.944,226.315,137.517,10.876,10.1598,17.7822, "2020-03-25 [15:20:29]: no comment"
"\\Mac\Home\Desktop\ot1-colony-picker-master\2020 cropped.tiff", 1,222,756.5,1,0,1,47,5,176,167,126.489,227.936,220.702,3.35085,12.8347,7.39453, "2020-03-25 [15:20:29]: no comment"
"\\Mac\Home\Desktop\ot1-colony-picker-master\2020 cropped.tiff", 1,1439.5,754,1,0,1,47,4,130,193,203.936,248.128,210.787,14.2848,7.46304,9.75903, "2020-03-25 [15:20:29]: no comment"
"\\Mac\Home\Desktop\ot1-colony-picker-master\2020 cropped.tiff", 1,196,747.5,1,0,1,89,6,164,183,206.011,247.079,235.843,19.4327,7.91721,13.0699, "2020-03-25 [15:20:29]: no comment"
"\\Mac\Home\Desktop\ot1-colony-picker-master\2020 cropped.tiff", 1,664,724,1,0,1,26,4,174,206,103.846,239,225.308,2.70276,3.46514,2.65876, "2020-03-25 [15:20:29]: no comment"
"\\Mac\Home\Desktop\ot1-colony-picker-master\2020 cropped.tiff", 1,878,718,1,0,1,56,5,178,219,108.161,243.732,239.804,4.89036,7.43232,12.3836, "2020-03-25 [15:20:29]: no comment"
"\\Mac\Home\Desktop\ot1-colony-picker-master\2020 cropped.tiff", 1,1265.25,712.75,1,0,1,32,4,192,172,106.031,204.031,226.063,2.74077,8.37176,6.87866, "2020-03-25 [15:20:29]: no comment"
"\\Mac\Home\Desktop\ot1-colony-picker-master\2020 cropped.tiff", 1,862,714,1,0,1,67,5,168,136,109.672,211.119,191.239,5.09728,9.66891,26.6818, "2020-03-25 [15:20:29]: no comment"
"\\Mac\Home\Desktop\ot1-colony-picker-master\2020 cropped.tiff", 1,912,709,1,0,1,52,5,180,225,97.0192,244.077,245.365,4.53276,7.33624,5.09985, "2020-03-25 [15:20:29]: no comment"
"\\Mac\Home\Desktop\ot1-colony-picker-master\2020 cropped.tiff", 1,613,708.5,1,0,1,100,6,174,163,114.93,223.52,211.93,6.41157,10.6845,20.0915, "2020-03-25 [15:20:29]: no comment"
"\\Mac\Home\Desktop\ot1-colony-picker-master\2020 cropped.tiff", 1,1520.5,703,1,0,1,82,6,152,158,165.598,234.329,202.841,9.96859,10.042,5.0978, "2020-03-25 [15:20:29]: no comment"
"\\Mac\Home\Desktop\ot1-colony-picker-master\2020 cropped.tiff", 1,874,697.5,1,0,1,32,4,182,242,106.125,247.531,251.375,3.24653,5.1154,3.4463, "2020-03-25 [15:20:29]: no comment"
"\\Mac\Home\Desktop\ot1-colony-picker-master\2020 cropped.tiff", 1,476.52,700.64,1,0,1,35,4,184,211,95.1429,231.943,240.429,4.22617,4.93477,4.06394, "2020-03-25 [15:20:29]: no comment"
"\\Mac\Home\Desktop\ot1-colony-picker-master\2020 cropped.tiff", 1,1179,696,1,0,1,69,5,184,228,91,235.681,246.435,4.79931,8.84172,6.5859, "2020-03-25 [15:20:29]: no comment"
"\\Mac\Home\Desktop\ot1-colony-picker-master\2020 cropped.tiff", 1,1152,693,1,0,1,41,4,184,236,95.6829,239.707,248.512,3.18017,5.66562,4.85165, "2020-03-25 [15:20:29]: no comment"
"\\Mac\Home\Desktop\ot1-colony-picker-master\2020 cropped.tiff", 1,615.75,693.75,1,0,1,57,5,176,222,110.368,245.421,235.158,3.94768,5.21338,9.39338, "2020-03-25 [15:20:29]: no comment"
"\\Mac\Home\Desktop\ot1-colony-picker-master\2020 cropped.tiff", 1,1355.65,695.95,1,0,1,74,5,164,152,100.892,216.041,185.284,3.82636,12.2231,27.1159, "2020-03-25 [15:20:29]: no comment"
"\\Mac\Home\Desktop\ot1-colony-picker-master\2020 cropped.tiff", 1,1214,687,1,0,1,92,5,184,229,86.8587,236.685,246.239,5.55064,9.74385,7.04219, "2020-03-25 [15:20:29]: no comment"
"\\Mac\Home\Desktop\ot1-colony-picker-master\2020 cropped.tiff", 1,888,688.5,1,0,1,101,7,182,233,101.05,244.505,247.663,3.45505,7.81673,4.89281, "2020-03-25 [15:20:29]: no comment"
"\\Mac\Home\Desktop\ot1-colony-picker-master\2020 cropped.tiff", 0,1041.5,686.5,1,0,1,95,6,182,89,123.537,188.916,192.042,8.00948,29.1162,18.3326, "2020-03-25 [15:20:29]: no comment"
"\\Mac\Home\Desktop\ot1-colony-picker-master\2020 cropped.tiff", 1,1194.9,683.3,1,0,1,75,5,182,224,85.7467,236.653,244.08,4.76685,9.57826,6.5636, "2020-03-25 [15:20:29]: no comment"
"\\Mac\Home\Desktop\ot1-colony-picker-master\2020 cropped.tiff", 1,1158,681,1,0,1,39,4,184,243,94.4615,240.256,250.513,3.48943,7.15075,4.28065, "2020-03-25 [15:20:29]: no comment"
"\\Mac\Home\Desktop\ot1-colony-picker-master\2020 cropped.tiff", 1,685,681,1,0,1,48,5,180,198,87.0625,233.75,233.479,4.6935,9.16879,6.5752, "2020-03-25 [15:20:29]: no comment"
"\\Mac\Home\Desktop\ot1-colony-picker-master\2020 cropped.tiff", 1,499.5,684,1,0,1,120,7,180,221,101.05,241.917,243.975,7.47412,9.566,7.24962, "2020-03-25 [15:20:29]: no comment"
"\\Mac\Home\Desktop\ot1-colony-picker-master\2020 cropped.tiff", 1,1228,676.5,1,0,1,89,6,184,237,90.2921,238.989,249.101,5.91776,10.434,5.98096, "2020-03-25 [15:20:29]: no comment"
"\\Mac\Home\Desktop\ot1-colony-picker-master\2020 cropped.tiff", 1,923,669,1,0,1,58,6,182,231,94.8448,243.414,246.81,3.13995,7.30827,6.03935, "2020-03-25 [15:20:29]: no comment"
"\\Mac\Home\Desktop\ot1-colony-picker-master\2020 cropped.tiff", 1,180.6,671.7,1,0,1,117,7,178,132,78.6667,198.684,195.436,4.33846,9.54315,6.8855, "2020-03-25 [15:20:29]: no comment"
"\\Mac\Home\Desktop\ot1-colony-picker-master\2020 cropped.tiff", 1,1152.5,668,1,0,1,47,4,184,231,91.0638,233.66,247.404,3.57157,8.07491,4.85183, "2020-03-25 [15:20:29]: no comment"
"\\Mac\Home\Desktop\ot1-colony-picker-master\2020 cropped.tiff", 1,714.5,667,1,0,1,49,4,182,190,89.8367,227.755,230.612,3.55828,7.96209,6.15402, "2020-03-25 [15:20:29]: no comment"
"\\Mac\Home\Desktop\ot1-colony-picker-master\2020 cropped.tiff", 1,1372,663,1,0,1,29,4,178,178,92.069,225.759,221.69,2.28469,2.99405,2.64219, "2020-03-25 [15:20:29]: no comment"
"\\Mac\Home\Desktop\ot1-colony-picker-master\2020 cropped.tiff", 1,637,664.5,1,0,1,89,6,182,230,99.9775,241.315,246.652,3.75182,9.38484,5.57178, "2020-03-25 [15:20:29]: no comment"
"\\Mac\Home\Desktop\ot1-colony-picker-master\2020 cropped.tiff", 1,888.66,663.12,1,0,1,78,6,180,230,101.308,245.205,247.295,4.13912,7.57961,4.82672, "2020-03-25 [15:20:29]: no comment"
"\\Mac\Home\Desktop\ot1-colony-picker-master\2020 cropped.tiff", 1,920.5,657,1,0,1,55,5,182,220,90.3091,239.982,242.527,2.7977,7.07675,4.04425, "2020-03-25 [15:20:29]: no comment"
"\\Mac\Home\Desktop\ot1-colony-picker-master\2020 cropped.tiff", 1,1185.5,655,1,0,1,54,5,182,240,93.7222,245.889,250.481,3.83769,5.6891,4.05954, "2020-03-25 [15:20:29]: no comment"
"\\Mac\Home\Desktop\ot1-colony-picker-master\2020 cropped.tiff", 0,495.5,655.5,1,0,1,115,6,178,228,94.7043,246.252,241.278,5.58916,6.49441,5.29873, "2020-03-25 [15:20:29]: no comment"
"\\Mac\Home\Desktop\ot1-colony-picker-master\2020 cropped.tiff", 0,850,649,1,0,1,125,8,170,158,111.032,220.928,201.808,6.01826,21.3545,33.1983, "2020-03-25 [15:20:29]: no comment"
"\\Mac\Home\Desktop\ot1-colony-picker-master\2020 cropped.tiff", 1,714,647.5,1,0,1,86,6,180,206,95.093,235.872,237.709,5.28797,10.2884,7.56783, "2020-03-25 [15:20:29]: no comment"
"\\Mac\Home\Desktop\ot1-colony-picker-master\2020 cropped.tiff", 1,165,647,1,0,1,51,5,176,136,84.6275,203.471,195.392,4.81412,11.718,9.30327, "2020-03-25 [15:20:29]: no comment"
"\\Mac\Home\Desktop\ot1-colony-picker-master\2020 cropped.tiff", 0,1292,648.5,1,0,1,89,6,194,134,123.225,193.697,214.371,5.87312,28.0768,15.0724, "2020-03-25 [15:20:29]: no comment"
"\\Mac\Home\Desktop\ot1-colony-picker-master\2020 cropped.tiff", 1,921.647,644.588,1,0,1,76,5,182,234,94.6842,242.579,247.921,4.49138,8.05479,5.07096, "2020-03-25 [15:20:29]: no comment"
"\\Mac\Home\Desktop\ot1-colony-picker-master\2020 cropped.tiff", 1,688.5,643.5,1,0,1,73,5,178,207,89.6712,238.288,234.178,3.55383,8.30074,8.22124, "2020-03-25 [15:20:29]: no comment"
"\\Mac\Home\Desktop\ot1-colony-picker-master\2020 cropped.tiff", 1,607.5,641.5,1,0,1,58,5,176,204,110.017,239.052,229.586,4.79878,9.59114,15.1446, "2020-03-25 [15:20:29]: no comment"
"\\Mac\Home\Desktop\ot1-colony-picker-master\2020 cropped.tiff", 1,898.75,639.75,1,0,1,71,5,182,227,100.352,242.563,245.972,4.15826,7.24552,5.27232, "2020-03-25 [15:20:29]: no comment"
"\\Mac\Home\Desktop\ot1-colony-picker-master\2020 cropped.tiff", 1,637,637,1,0,1,77,6,182,227,100.481,243.221,246.078,4.00048,7.81027,5.79384, "2020-03-25 [15:20:29]: no comment"
"\\Mac\Home\Desktop\ot1-colony-picker-master\2020 cropped.tiff", 1,1210,635.5,1,0,1,46,4,182,215,89.3261,237,241.348,2.96772,6.42939,4.15, "2020-03-25 [15:20:29]: no comment"
"\\Mac\Home\Desktop\ot1-colony-picker-master\2020 cropped.tiff", 1,1191.2,636.1,1,0,1,74,5,180,228,93.2432,244.581,246.243,5.13558,8.61401,6.97248, "2020-03-25 [15:20:29]: no comment"
"\\Mac\Home\Desktop\ot1-colony-picker-master\2020 cropped.tiff", 1,189.5,632,1,0,1,60,5,180,143,80.9667,203.55,206.283,3.10528,7.23545,7.37728, "2020-03-25 [15:20:29]: no comment"
"\\Mac\Home\Desktop\ot1-colony-picker-master\2020 cropped.tiff", 1,458,631.5,1,0,1,92,6,182,228,96.2065,239.685,246.37,4.80371,10.6244,6.1788, "2020-03-25 [15:20:29]: no comment"
"\\Mac\Home\Desktop\ot1-colony-picker-master\2020 cropped.tiff", 0,1039,630.5,1,0,1,129,7,188,119,126.333,196.62,208.109,7.41139,32.4675,19.8578, "2020-03-25 [15:20:29]: no comment"
"\\Mac\Home\Desktop\ot1-colony-picker-master\2020 cropped.tiff", 1,651,624,1,0,1,28,4,178,228,96.6429,246.393,242.357,2.94962,4.26605,4.02625, "2020-03-25 [15:20:29]: no comment"
"\\Mac\Home\Desktop\ot1-colony-picker-master\2020 cropped.tiff", 1,1435,620,1,0,1,53,5,180,153,91.8302,214.34,212.717,4.27792,8.12673,4.77868, "2020-03-25 [15:20:29]: no comment"
"\\Mac\Home\Desktop\ot1-colony-picker-master\2020 cropped.tiff", 1,900,618,1,0,1,42,4,182,248,105.738,249.952,253.333,3.45977,4.98779,3.11195, "2020-03-25 [15:20:29]: no comment"
"\\Mac\Home\Desktop\ot1-colony-picker-master\2020 cropped.tiff", 1,1204.38,617.529,1,0,1,80,6,180,222,98.025,243.313,244.15,5.48044,8.3868,7.63155, "2020-03-25 [15:20:29]: no comment"
"\\Mac\Home\Desktop\ot1-colony-picker-master\2020 cropped.tiff", 1,702,611,1,0,1,52,5,180,218,103.096,243.404,241.365,4.18204,8.45308,7.12381, "2020-03-25 [15:20:29]: no comment"
"\\Mac\Home\Desktop\ot1-colony-picker-master\2020 cropped.tiff", 1,958,608,1,0,1,50,5,178,232,105.52,247.8,243.74,3.49191,6.41479,3.6744, "2020-03-25 [15:20:29]: no comment"
"\\Mac\Home\Desktop\ot1-colony-picker-master\2020 cropped.tiff", 1,910,606,1,0,1,28,4,182,248,104.429,248.643,252.536,2.39971,4.1647,2.34913, "2020-03-25 [15:20:29]: no comment"
"\\Mac\Home\Desktop\ot1-colony-picker-master\2020 cropped.tiff", 1,169,609.5,1,0,1,89,6,174,180,93.0112,227.169,214.169,5.33303,10.099,7.2607, "2020-03-25 [15:20:29]: no comment"
"\\Mac\Home\Desktop\ot1-colony-picker-master\2020 cropped.tiff", 1,663,606,1,0,1,51,5,180,232,106.235,247.804,247.569,4.22118,5.51585,6.05365, "2020-03-25 [15:20:29]: no comment"
"\\Mac\Home\Desktop\ot1-colony-picker-master\2020 cropped.tiff", 1,205,604,1,0,1,51,5,180,201,95.6471,233.725,235.627,3.432,7.20587,6.45916, "2020-03-25 [15:20:29]: no comment"
"\\Mac\Home\Desktop\ot1-colony-picker-master\2020 cropped.tiff", 0,872,599,1,0,1,84,6,184,133,117.702,206.702,211.988,4.06974,22.3747,28.6967, "2020-03-25 [15:20:29]: no comment"
"\\Mac\Home\Desktop\ot1-colony-picker-master\2020 cropped.tiff", 1,1244.5,589.5,1,0,1,64,5,190,143,112.781,198.578,215.047,3.97631,18.0347,11.8216, "2020-03-25 [15:20:29]: no comment"
"\\Mac\Home\Desktop\ot1-colony-picker-master\2020 cropped.tiff", 1,656.5,581.5,1,0,1,98,6,180,200,121.857,238.816,238.5,7.75217,16.4869,15.0031, "2020-03-25 [15:20:29]: no comment"
"\\Mac\Home\Desktop\ot1-colony-picker-master\2020 cropped.tiff", 1,1441.5,573.5,1,0,1,68,5,152,170,195.191,242.559,220,18.1638,11.504,13.6828, "2020-03-25 [15:20:29]: no comment"
"\\Mac\Home\Desktop\ot1-colony-picker-master\2020 cropped.tiff", 0,195.488,570.39,1,0,1,89,6,152,139,203.989,240.449,223.303,23.4462,14.7162,21.6057, "2020-03-25 [15:20:29]: no comment"
"\\Mac\Home\Desktop\ot1-colony-picker-master\2020 cropped.tiff", 1,1448.3,553.6,1,0,1,39,4,38,240,250.769,206.256,127.487,4.95138,9.39633,6.08326, "2020-03-25 [15:20:29]: no comment"
"\\Mac\Home\Desktop\ot1-colony-picker-master\2020 cropped.tiff", 0,1439.5,505,1,0,1,56,5,138,186,210.018,247.911,221.554,22.4796,7.73285,12.5061, "2020-03-25 [15:20:29]: no comment"
"\\Mac\Home\Desktop\ot1-colony-picker-master\2020 cropped.tiff", 0,197,498.5,1,0,1,92,6,166,214,208.739,251.174,240.696,21.9699,4.47541,12.053, "2020-03-25 [15:20:29]: no comment"
"\\Mac\Home\Desktop\ot1-colony-picker-master\2020 cropped.tiff", 0,1131.75,494.25,1,0,1,129,7,164,130,114.287,209.248,184.899,7.4498,21.3858,40.3487, "2020-03-25 [15:20:29]: no comment"
"\\Mac\Home\Desktop\ot1-colony-picker-master\2020 cropped.tiff", 1,209,475,1,0,1,37,4,180,203,104.216,238.216,236.243,2.66255,5.08779,6.23711, "2020-03-25 [15:20:29]: no comment"
"\\Mac\Home\Desktop\ot1-colony-picker-master\2020 cropped.tiff", 1,1187.5,473.5,1,0,1,41,4,180,216,97.2439,242.268,239.683,3.5736,5.54798,5.52871, "2020-03-25 [15:20:29]: no comment"
"\\Mac\Home\Desktop\ot1-colony-picker-master\2020 cropped.tiff", 1,1143.5,470.5,1,0,1,54,4,182,252,103.852,247.37,254.093,2.86991,3.8758,2.14291, "2020-03-25 [15:20:29]: no comment"
"\\Mac\Home\Desktop\ot1-colony-picker-master\2020 cropped.tiff", 1,1245.5,464,1,0,1,74,5,182,245,102.054,247.311,251.649,3.43228,6.15942,3.36776, "2020-03-25 [15:20:29]: no comment"
"\\Mac\Home\Desktop\ot1-colony-picker-master\2020 cropped.tiff", 1,865.5,460.5,1,0,1,110,6,174,203,114.009,238.536,228.327,5.94239,13.669,24.075, "2020-03-25 [15:20:29]: no comment"
"\\Mac\Home\Desktop\ot1-colony-picker-master\2020 cropped.tiff", 1,892.5,452.5,1,0,1,125,7,182,248,108.208,250.064,252.928,5.34566,4.90229,2.96846, "2020-03-25 [15:20:29]: no comment"
"\\Mac\Home\Desktop\ot1-colony-picker-master\2020 cropped.tiff", 1,1221,452,1,0,1,74,6,180,217,94.0946,240.243,241.986,5.1171,8.48658,7.13914, "2020-03-25 [15:20:29]: no comment"
"\\Mac\Home\Desktop\ot1-colony-picker-master\2020 cropped.tiff", 1,1252.5,449,1,0,1,53,5,184,242,102.83,241.792,251.396,4.70485,7.08542,3.70108, "2020-03-25 [15:20:29]: no comment"
"\\Mac\Home\Desktop\ot1-colony-picker-master\2020 cropped.tiff", 1,1181.5,449,1,0,1,73,5,184,228,91.8904,235.11,246.11,3.12977,8.0644,5.75873, "2020-03-25 [15:20:29]: no comment"
"\\Mac\Home\Desktop\ot1-colony-picker-master\2020 cropped.tiff", 1,738,452,1,0,1,125,7,182,245,107.776,246.8,251.576,4.62847,7.44236,4.75503, "2020-03-25 [15:20:29]: no comment"
"\\Mac\Home\Desktop\ot1-colony-picker-master\2020 cropped.tiff", 1,1132,440,1,0,1,77,6,184,239,98.2597,241.052,250.026,4.54343,7.5364,4.68561, "2020-03-25 [15:20:29]: no comment"
"\\Mac\Home\Desktop\ot1-colony-picker-master\2020 cropped.tiff", 1,1010,440.5,1,0,1,88,6,182,239,103.216,244.591,250.091,4.80624,7.10446,4.74966, "2020-03-25 [15:20:29]: no comment"
"\\Mac\Home\Desktop\ot1-colony-picker-master\2020 cropped.tiff", 1,226,438.5,1,0,1,45,5,180,157,82.2667,213.2,213.533,2.80616,7.13043,5.27187, "2020-03-25 [15:20:29]: no comment"
"\\Mac\Home\Desktop\ot1-colony-picker-master\2020 cropped.tiff", 1,689,437.5,1,0,1,33,4,182,213,88.7879,236.848,239.576,3.51971,4.86218,3.43746, "2020-03-25 [15:20:29]: no comment"
"\\Mac\Home\Desktop\ot1-colony-picker-master\2020 cropped.tiff", 1,877,438.5,1,0,1,73,5,182,242,104.808,246.205,250.603,3.96397,6.49959,2.97754, "2020-03-25 [15:20:29]: no comment"
"\\Mac\Home\Desktop\ot1-colony-picker-master\2020 cropped.tiff", 1,1150.5,435,1,0,1,69,5,184,231,96.4638,237.768,247.043,4.92162,8.27542,5.28491, "2020-03-25 [15:20:29]: no comment"
"\\Mac\Home\Desktop\ot1-colony-picker-master\2020 cropped.tiff", 1,628.5,433,1,0,1,72,5,182,235,104.514,246.403,249.403,4.3333,6.30895,3.98915, "2020-03-25 [15:20:29]: no comment"
"\\Mac\Home\Desktop\ot1-colony-picker-master\2020 cropped.tiff", 1,1244,430,1,0,1,52,5,186,228,95.75,232.019,245.577,4.53485,7.22183,6.87153, "2020-03-25 [15:20:29]: no comment"
"\\Mac\Home\Desktop\ot1-colony-picker-master\2020 cropped.tiff", 1,993.5,430.5,1,0,1,49,4,182,227,98.102,240.776,245.939,3.40106,5.77778,4.89876, "2020-03-25 [15:20:29]: no comment"
"\\Mac\Home\Desktop\ot1-colony-picker-master\2020 cropped.tiff", 1,1007,428,1,0,1,71,5,182,233,102.239,241.127,247.817,4.26943,7.09532,4.09161, "2020-03-25 [15:20:29]: no comment"
"\\Mac\Home\Desktop\ot1-colony-picker-master\2020 cropped.tiff", 1,728.5,427,1,0,1,84,6,184,227,97.5952,237.667,246.274,5.21765,11.5552,7.28557, "2020-03-25 [15:20:29]: no comment"
"\\Mac\Home\Desktop\ot1-colony-picker-master\2020 cropped.tiff", 1,264,427,1,0,1,89,7,178,215,112.539,242.708,239.888,11.0606,11.9197,10.5769, "2020-03-25 [15:20:29]: no comment"
"\\Mac\Home\Desktop\ot1-colony-picker-master\2020 cropped.tiff", 1,856.5,426.5,1,0,1,89,5,178,221,113.888,245,239.079,5.62392,9.25983,15.3419, "2020-03-25 [15:20:29]: no comment"
"\\Mac\Home\Desktop\ot1-colony-picker-master\2020 cropped.tiff", 1,1119.5,416,1,0,1,43,4,182,233,96.7674,241.093,248.116,3.72659,6.74583,4.12685, "2020-03-25 [15:20:29]: no comment"
"\\Mac\Home\Desktop\ot1-colony-picker-master\2020 cropped.tiff", 1,659.5,416,1,0,1,102,6,182,237,92.9216,242.725,248.863,4.38012,8.70556,5.37246, "2020-03-25 [15:20:29]: no comment"
"\\Mac\Home\Desktop\ot1-colony-picker-master\2020 cropped.tiff", 1,1217,414.5,1,0,1,60,4,184,223,88.0667,233.483,243.55,4.77654,6.86086,6.34299, "2020-03-25 [15:20:29]: no comment"
"\\Mac\Home\Desktop\ot1-colony-picker-master\2020 cropped.tiff", 1,240,412.5,1,0,1,55,5,180,164,84.3636,218.018,216.836,4.01731,6.52841,7.23411, "2020-03-25 [15:20:29]: no comment"
"\\Mac\Home\Desktop\ot1-colony-picker-master\2020 cropped.tiff", 1,846.9,412.7,1,0,1,92,6,170,132,113.772,210.098,193.978,4.92623,19.3232,29.9046, "2020-03-25 [15:20:29]: no comment"
"\\Mac\Home\Desktop\ot1-colony-picker-master\2020 cropped.tiff", 1,1248.5,412.5,1,0,1,308,11,182,233,99.2792,241.636,248.234,5.93858,10.3269,5.85343, "2020-03-25 [15:20:29]: no comment"
"\\Mac\Home\Desktop\ot1-colony-picker-master\2020 cropped.tiff", 1,683,407.5,1,0,1,80,5,182,223,87.525,241.325,244.375,3.96216,8.46454,7.47761, "2020-03-25 [15:20:29]: no comment"
"\\Mac\Home\Desktop\ot1-colony-picker-master\2020 cropped.tiff", 1,488,407.5,1,0,1,92,7,180,223,91.337,242.598,244.196,4.18719,9.48408,7.59749, "2020-03-25 [15:20:29]: no comment"
"\\Mac\Home\Desktop\ot1-colony-picker-master\2020 cropped.tiff", 1,742,407.5,1,0,1,89,6,182,235,107.079,243.944,248.989,5.77876,9.70665,5.90699, "2020-03-25 [15:20:29]: no comment"
"\\Mac\Home\Desktop\ot1-colony-picker-master\2020 cropped.tiff", 1,630.5,407,1,0,1,102,6,184,239,100.137,241.716,249.735,4.93835,8.27119,5.12531, "2020-03-25 [15:20:29]: no comment"
"\\Mac\Home\Desktop\ot1-colony-picker-master\2020 cropped.tiff", 1,231,404,1,0,1,42,4,178,164,80.3095,216.643,213.905,2.76592,6.2455,5.52406, "2020-03-25 [15:20:29]: no comment"
"\\Mac\Home\Desktop\ot1-colony-picker-master\2020 cropped.tiff", 1,654,399.5,1,0,1,43,5,184,240,94.4186,241.977,250.116,4.51894,7.38854,4.12685, "2020-03-25 [15:20:29]: no comment"
"\\Mac\Home\Desktop\ot1-colony-picker-master\2020 cropped.tiff", 1,135.75,399.25,1,0,1,28,4,172,130,82.3929,198.786,183.821,2.37163,5.85767,4.2956, "2020-03-25 [15:20:29]: no comment"
"\\Mac\Home\Desktop\ot1-colony-picker-master\2020 cropped.tiff", 1,1216.5,401,1,0,1,76,5,184,226,90.0526,233.724,244.75,4.06892,8.28119,8.37015, "2020-03-25 [15:20:29]: no comment"
"\\Mac\Home\Desktop\ot1-colony-picker-master\2020 cropped.tiff", 1,422,400.5,1,0,1,89,6,182,216,88.0562,236.483,241.169,4.83467,8.52988,8.37935, "2020-03-25 [15:20:29]: no comment"
"\\Mac\Home\Desktop\ot1-colony-picker-master\2020 cropped.tiff", 1,980.25,398.75,1,0,1,81,6,182,225,96.9506,237.531,244.506,5.85316,8.99396,7.53221, "2020-03-25 [15:20:29]: no comment"
"\\Mac\Home\Desktop\ot1-colony-picker-master\2020 cropped.tiff", 1,179,397,1,0,1,43,4,182,125,76.093,191.302,193.605,3.57731,5.911,4.77347, "2020-03-25 [15:20:29]: no comment"
"\\Mac\Home\Desktop\ot1-colony-picker-master\2020 cropped.tiff", 1,661.5,390,1,0,1,61,5,180,228,96.6066,244.279,246.295,4.44169,6.31355,5.04217, "2020-03-25 [15:20:29]: no comment"
"\\Mac\Home\Desktop\ot1-colony-picker-master\2020 cropped.tiff", 1,230.5,385,1,0,1,45,4,178,163,82.2667,216.778,212.644,2.8427,5.66137,4.51603, "2020-03-25 [15:20:29]: no comment"
"\\Mac\Home\Desktop\ot1-colony-picker-master\2020 cropped.tiff", 1,1138.5,383,1,0,1,54,5,186,230,96.9074,233.426,247.074,4.80189,8.32727,6.73763, "2020-03-25 [15:20:29]: no comment"
"\\Mac\Home\Desktop\ot1-colony-picker-master\2020 cropped.tiff", 1,254.808,384.538,1,0,1,78,6,180,165,85.9103,218.91,216.615,4.26279,6.77169,5.11137, "2020-03-25 [15:20:29]: no comment"
"\\Mac\Home\Desktop\ot1-colony-picker-master\2020 cropped.tiff", 1,1210.5,385,1,0,1,175,8,180,214,94.0857,241.303,240.56,6.0809,10.0101,6.41275, "2020-03-25 [15:20:29]: no comment"
"\\Mac\Home\Desktop\ot1-colony-picker-master\2020 cropped.tiff", 1,479.8,382.6,1,0,1,81,6,182,225,96.7284,241.358,244.556,5.88639,9.50027,7.3983, "2020-03-25 [15:20:29]: no comment"
"\\Mac\Home\Desktop\ot1-colony-picker-master\2020 cropped.tiff", 1,1421,377.5,1,0,1,89,6,178,140,87.2135,205.629,204.236,4.22724,8.77259,5.2188, "2020-03-25 [15:20:29]: no comment"
"\\Mac\Home\Desktop\ot1-colony-picker-master\2020 cropped.tiff", 1,994.5,376,1,0,1,50,5,184,230,100.04,235.98,246.86,3.68298,7.63774,5.04974, "2020-03-25 [15:20:29]: no comment"
"\\Mac\Home\Desktop\ot1-colony-picker-master\2020 cropped.tiff", 1,920,377.5,1,0,1,82,6,182,228,95.3171,239.72,246,4.55404,9.77396,6.23357, "2020-03-25 [15:20:29]: no comment"
"\\Mac\Home\Desktop\ot1-colony-picker-master\2020 cropped.tiff", 1,223,375,1,0,1,31,4,182,161,85.9032,213.065,217.29,5.58859,7.30379,6.7316, "2020-03-25 [15:20:29]: no comment"
"\\Mac\Home\Desktop\ot1-colony-picker-master\2020 cropped.tiff", 1,902.5,376,1,0,1,74,5,184,239,99.3378,240.757,249.595,4.45737,7.89459,4.99296, "2020-03-25 [15:20:29]: no comment"
"\\Mac\Home\Desktop\ot1-colony-picker-master\2020 cropped.tiff", 1,1521.6,375.2,1,0,1,70,5,158,116,163.957,221.257,199.7,12.3571,12.103,4.66197, "2020-03-25 [15:20:29]: no comment"
"\\Mac\Home\Desktop\ot1-colony-picker-master\2020 cropped.tiff", 1,1225,372.5,1,0,1,95,6,180,199,93.1474,234.579,235.316,5.2747,9.71125,7.05981, "2020-03-25 [15:20:29]: no comment"
"\\Mac\Home\Desktop\ot1-colony-picker-master\2020 cropped.tiff", 1,1110.15,372.269,1,0,1,44,5,180,149,105.727,215.318,215.636,2.6971,18.2334,20.8438, "2020-03-25 [15:20:29]: no comment"
"\\Mac\Home\Desktop\ot1-colony-picker-master\2020 cropped.tiff", 1,465,371,1,0,1,68,5,184,225,95.8824,235.044,245.324,3.51191,7.37651,6.80426, "2020-03-25 [15:20:29]: no comment"
"\\Mac\Home\Desktop\ot1-colony-picker-master\2020 cropped.tiff", 1,700.5,370.5,1,0,1,80,5,180,213,96.85,239.038,240.625,3.95,10.1521,7.93068, "2020-03-25 [15:20:29]: no comment"
"\\Mac\Home\Desktop\ot1-colony-picker-master\2020 cropped.tiff", 1,1194,372,1,0,1,135,7,180,209,95.1481,238.541,236.896,6.22603,10.7887,7.34592, "2020-03-25 [15:20:29]: no comment"
"\\Mac\Home\Desktop\ot1-colony-picker-master\2020 cropped.tiff", 1,649.5,371,1,0,1,143,7,180,224,98.3077,242.587,245.378,6.43651,9.42352,6.47187, "2020-03-25 [15:20:29]: no comment"
"\\Mac\Home\Desktop\ot1-colony-picker-master\2020 cropped.tiff", 1,502,369,1,0,1,126,8,180,236,100.722,246.635,249.294,5.40353,6.7288,5.18817, "2020-03-25 [15:20:29]: no comment"
"\\Mac\Home\Desktop\ot1-colony-picker-master\2020 cropped.tiff", 1,742.5,360.5,1,0,1,35,4,182,248,109.4,246.6,253.029,3.48654,6.79754,2.40378, "2020-03-25 [15:20:29]: no comment"
"\\Mac\Home\Desktop\ot1-colony-picker-master\2020 cropped.tiff", 1,934,361,1,0,1,50,5,176,236,103.4,249.26,240.24,3.4,4.94365,4.33802, "2020-03-25 [15:20:29]: no comment"
"\\Mac\Home\Desktop\ot1-colony-picker-master\2020 cropped.tiff", 1,476,357,1,0,1,47,5,182,248,103.021,247.574,252.681,3.48818,6.70832,3.15472, "2020-03-25 [15:20:29]: no comment"
"\\Mac\Home\Desktop\ot1-colony-picker-master\2020 cropped.tiff", 1,444.25,351.75,1,0,1,80,6,182,224,97.8125,240.188,244.625,4.26379,9.02199,7.89633, "2020-03-25 [15:20:29]: no comment"
"\\Mac\Home\Desktop\ot1-colony-picker-master\2020 cropped.tiff", 1,702.5,349.5,1,0,1,78,6,180,224,103.397,244.885,243.91,4.67018,7.292,6.31854, "2020-03-25 [15:20:29]: no comment"
"\\Mac\Home\Desktop\ot1-colony-picker-master\2020 cropped.tiff", 1,1124.57,355.956,1,0,1,96,7,186,155,99.2708,203.656,217.031,6.57614,22.5546,24.8692, "2020-03-25 [15:20:29]: no comment"
"\\Mac\Home\Desktop\ot1-colony-picker-master\2020 cropped.tiff", 1,194,348,1,0,1,78,6,178,163,95.4103,220.128,215.731,3.54919,7.94365,6.87405, "2020-03-25 [15:20:29]: no comment"
"\\Mac\Home\Desktop\ot1-colony-picker-master\2020 cropped.tiff", 1,685,341.5,1,0,1,42,5,180,235,110.667,248.857,249.476,2.72746,5.77878,4.58727, "2020-03-25 [15:20:29]: no comment"
"\\Mac\Home\Desktop\ot1-colony-picker-master\2020 cropped.tiff", 1,1169.01,329.581,1,0,1,89,6,184,204,121.067,231.045,239.831,5.416,22.6597,14.6573, "2020-03-25 [15:20:29]: no comment"
"\\Mac\Home\Desktop\ot1-colony-picker-master\2020 cropped.tiff", 1,1440.5,325,1,0,1,53,5,150,172,188.264,241.868,215.113,20.515,11.4268,10.4123, "2020-03-25 [15:20:29]: no comment"
"\\Mac\Home\Desktop\ot1-colony-picker-master\2020 cropped.tiff", 1,1441.25,314.75,1,0,1,29,4,42,222,247.69,218,152.586,7.46531,14.4164,6.39167, "2020-03-25 [15:20:29]: no comment"
"\\Mac\Home\Desktop\ot1-colony-picker-master\2020 cropped.tiff", 0,957,317.5,1,0,1,134,8,178,70,128.53,182.985,181.104,10.5149,31.9475,24.06, "2020-03-25 [15:20:29]: no comment"
"\\Mac\Home\Desktop\ot1-colony-picker-master\2020 cropped.tiff", 1,186,300,1,0,1,55,6,50,243,251.745,231.6,124.945,3.94321,13.8807,11.9701, "2020-03-25 [15:20:29]: no comment"
"\\Mac\Home\Desktop\ot1-colony-picker-master\2020 cropped.tiff", 1,187.5,275,1,0,1,89,6,46,226,248.27,221.506,136.742,7.13658,19.7462,11.4575, "2020-03-25 [15:20:29]: no comment"
"\\Mac\Home\Desktop\ot1-colony-picker-master\2020 cropped.tiff", 0,1441.5,259,1,0,1,133,8,142,154,181.887,237.353,201.617,26.3358,11.5461,25.8002, "2020-03-25 [15:20:29]: no comment"
"\\Mac\Home\Desktop\ot1-colony-picker-master\2020 cropped.tiff", 0,198,249.5,1,0,1,89,6,156,197,208.427,249.404,232.146,21.4692,5.19663,12.993, "2020-03-25 [15:20:29]: no comment"
"\\Mac\Home\Desktop\ot1-colony-picker-master\2020 cropped.tiff", 1,905.5,246,1,0,1,47,4,174,209,113.085,241.489,228.468,4.34429,5.74397,13.8243, "2020-03-25 [15:20:29]: no comment"
"\\Mac\Home\Desktop\ot1-colony-picker-master\2020 cropped.tiff", 1,462.3,229.1,1,0,1,71,5,180,228,110.648,246.972,246.831,3.00772,6.49512,4.79022, "2020-03-25 [15:20:29]: no comment"
"\\Mac\Home\Desktop\ot1-colony-picker-master\2020 cropped.tiff", 1,1277.5,224.5,1,0,1,90,6,160,23,113.522,137,129.322,8.68581,17.664,17.4011, "2020-03-25 [15:20:29]: no comment"
"\\Mac\Home\Desktop\ot1-colony-picker-master\2020 cropped.tiff", 1,720.2,221.9,1,0,1,110,6,180,198,104.173,234.027,236.2,4.46636,9.04584,7.1464, "2020-03-25 [15:20:29]: no comment"
"\\Mac\Home\Desktop\ot1-colony-picker-master\2020 cropped.tiff", 1,709,216,1,0,1,43,4,180,188,103.465,231.907,230.07,3.7732,6.5103,4.50677, "2020-03-25 [15:20:29]: no comment"
"\\Mac\Home\Desktop\ot1-colony-picker-master\2020 cropped.tiff", 1,469,215,1,0,1,31,4,180,208,99.0968,239.29,237.129,3.06905,4.50293,3.61191, "2020-03-25 [15:20:29]: no comment"
"\\Mac\Home\Desktop\ot1-colony-picker-master\2020 cropped.tiff", 1,859.5,216,1,0,1,72,5,158,100,119.583,195.583,167.306,6.16061,9.02557,30.2107, "2020-03-25 [15:20:29]: no comment"
"\\Mac\Home\Desktop\ot1-colony-picker-master\2020 cropped.tiff", 1,1155,209.5,1,0,1,63,5,184,184,94.1746,222.143,229.429,5.45628,8.62381,7.27597, "2020-03-25 [15:20:29]: no comment"
"\\Mac\Home\Desktop\ot1-colony-picker-master\2020 cropped.tiff", 1,1174.25,206.75,1,0,1,54,4,182,179,90,222.148,226.037,3.28522,6.67779,4.1854, "2020-03-25 [15:20:29]: no comment"
"\\Mac\Home\Desktop\ot1-colony-picker-master\2020 cropped.tiff", 1,1202,203,1,0,1,29,4,180,153,87.931,212.724,212.207,3.99345,5.63046,4.36697, "2020-03-25 [15:20:29]: no comment"
"\\Mac\Home\Desktop\ot1-colony-picker-master\2020 cropped.tiff", 1,657,200.5,1,0,1,81,6,176,162,89.2099,218.457,211,4.34707,9.94848,7.20036, "2020-03-25 [15:20:29]: no comment"
"\\Mac\Home\Desktop\ot1-colony-picker-master\2020 cropped.tiff", 1,1212,195,1,0,1,48,5,178,151,87.0417,212.188,209.021,3.54917,8.59017,4.26911, "2020-03-25 [15:20:29]: no comment"
"\\Mac\Home\Desktop\ot1-colony-picker-master\2020 cropped.tiff", 1,1375.25,193.75,1,0,1,47,4,180,143,83.7234,206,207.489,4.04367,4.56699,4.88599, "2020-03-25 [15:20:29]: no comment"
"\\Mac\Home\Desktop\ot1-colony-picker-master\2020 cropped.tiff", 1,855,193,1,0,1,29,4,170,149,110.138,216.862,198.586,2.52506,5.88293,14.3688, "2020-03-25 [15:20:29]: no comment"
"\\Mac\Home\Desktop\ot1-colony-picker-master\2020 cropped.tiff", 1,1150,191,1,0,1,54,5,184,163,86.9074,209.333,217.741,4.54478,7.01849,5.75778, "2020-03-25 [15:20:29]: no comment"
"\\Mac\Home\Desktop\ot1-colony-picker-master\2020 cropped.tiff", 1,744,181,1,0,1,50,5,182,159,91.46,212.52,217.18,4.16992,9.10491,5.52411, "2020-03-25 [15:20:29]: no comment"
"\\Mac\Home\Desktop\ot1-colony-picker-master\2020 cropped.tiff", 1,720,178,1,0,1,38,4,180,140,83.5789,204.289,205.447,2.69568,5.27297,3.8718, "2020-03-25 [15:20:29]: no comment"
"\\Mac\Home\Desktop\ot1-colony-picker-master\2020 cropped.tiff", 1,874,178,1,0,1,94,6,182,159,95.5745,214.574,217.723,4.60404,8.48259,5.51806, "2020-03-25 [15:20:29]: no comment"
"\\Mac\Home\Desktop\ot1-colony-picker-master\2020 cropped.tiff", 0,260.25,177.75,1,0,1,104,6,178,140,85.5577,206.192,202.817,7.5219,13.861,9.24827, "2020-03-25 [15:20:29]: no comment"
"\\Mac\Home\Desktop\ot1-colony-picker-master\2020 cropped.tiff", 1,513,176.5,1,0,1,122,7,178,161,85.8443,217.164,212.77,5.0852,10.1359,6.25854, "2020-03-25 [15:20:29]: no comment"
"\\Mac\Home\Desktop\ot1-colony-picker-master\2020 cropped.tiff", 1,936.5,171.5,1,0,1,56,4,178,143,81.4107,205.518,201.268,3.79526,6.80022,4.744, "2020-03-25 [15:20:29]: no comment"
"\\Mac\Home\Desktop\ot1-colony-picker-master\2020 cropped.tiff", 1,666,170,1,0,1,77,6,176,144,81.7013,207.208,199.636,4.41526,7.33346,5.12439, "2020-03-25 [15:20:29]: no comment"
"\\Mac\Home\Desktop\ot1-colony-picker-master\2020 cropped.tiff", 1,735,167,1,0,1,47,5,178,143,83.9574,206.617,204.447,4.38933,6.67395,5.7347, "2020-03-25 [15:20:29]: no comment"
"\\Mac\Home\Desktop\ot1-colony-picker-master\2020 cropped.tiff", 1,1396.5,165,1,0,1,27,4,184,126,73.9259,187.815,194.481,2.78317,3.98188,3.82017, "2020-03-25 [15:20:29]: no comment"
"\\Mac\Home\Desktop\ot1-colony-picker-master\2020 cropped.tiff", 1,1282,165,1,0,1,42,4,160,138,174.262,231.214,212.381,13.9708,14.2369,7.37686, "2020-03-25 [15:20:29]: no comment"
"\\Mac\Home\Desktop\ot1-colony-picker-master\2020 cropped.tiff", 1,786,164,1,0,1,53,5,154,136,182.604,232.679,211.755,20.3023,14.5824,11.1366, "2020-03-25 [15:20:29]: no comment"
"\\Mac\Home\Desktop\ot1-colony-picker-master\2020 cropped.tiff", 0,1350,164,1,0,1,49,5,108,76,168.347,203.327,159.265,20.4554,11.1607,33.9048, "2020-03-25 [15:20:29]: no comment"
"\\Mac\Home\Desktop\ot1-colony-picker-master\2020 cropped.tiff", 1,1336,162,1,0,1,54,5,38,140,214.926,180.852,117.944,6.81776,13.7445,11.3, "2020-03-25 [15:20:29]: no comment"
"\\Mac\Home\Desktop\ot1-colony-picker-master\2020 cropped.tiff", 1,1098.79,163.676,1,0,1,86,6,132,117,176.558,225.686,187.419,13.1019,14.4729,24.9323, "2020-03-25 [15:20:29]: no comment"
"\\Mac\Home\Desktop\ot1-colony-picker-master\2020 cropped.tiff", 1,1081.5,161,1,0,1,44,4,40,183,233.659,196.523,127.477,10.7793,10.4038,11.9534, "2020-03-25 [15:20:29]: no comment"
"\\Mac\Home\Desktop\ot1-colony-picker-master\2020 cropped.tiff", 1,358.5,162,1,0,1,59,5,146,182,194.627,244.78,216.627,11.8173,8.57352,9.28292, "2020-03-25 [15:20:29]: no comment"
"\\Mac\Home\Desktop\ot1-colony-picker-master\2020 cropped.tiff", 1,552,160.5,1,0,1,67,6,46,163,225.627,201.91,123.881,10.9878,12.0044,10.4451, "2020-03-25 [15:20:29]: no comment"
"\\Mac\Home\Desktop\ot1-colony-picker-master\2020 cropped.tiff", 1,605.5,163,1,0,1,84,6,136,142,199,239.405,208.952,16.8452,11.0559,12.6024, "2020-03-25 [15:20:29]: no comment"
"\\Mac\Home\Desktop\ot1-colony-picker-master\2020 cropped.tiff", 1,804.75,160.75,1,0,1,76,5,40,201,238.658,198.224,120.171,12.5001,11.6284,10.1729, "2020-03-25 [15:20:29]: no comment"
"\\Mac\Home\Desktop\ot1-colony-picker-master\2020 cropped.tiff", 1,1213,156,1,0,1,52,5,182,128,77.3077,193.346,196.5,3.66414,4.90702,4.55452, "2020-03-25 [15:20:29]: no comment"
"\\Mac\Home\Desktop\ot1-colony-picker-master\2020 cropped.tiff", 1,457,156.5,1,0,1,58,5,182,132,81.569,198.31,200.103,4.08563,6.52801,5.15514, "2020-03-25 [15:20:29]: no comment"
"\\Mac\Home\Desktop\ot1-colony-picker-master\2020 cropped.tiff", 0,331,158,1,0,1,54,5,56,175,238.926,233.833,169.241,17.1828,8.78591,27.1477, "2020-03-25 [15:20:29]: no comment"
"\\Mac\Home\Desktop\ot1-colony-picker-master\2020 cropped.tiff", 1,507.1,153.7,1,0,1,79,5,180,141,82.1266,205.316,203.848,4.42872,7.05992,4.51521, "2020-03-25 [15:20:29]: no comment"
"\\Mac\Home\Desktop\ot1-colony-picker-master\2020 cropped.tiff", 1,1366,150,1,0,1,39,4,184,133,80.1795,193.308,199.923,2.41189,3.88368,3.41135, "2020-03-25 [15:20:29]: no comment"
"\\Mac\Home\Desktop\ot1-colony-picker-master\2020 cropped.tiff", 0,663,149,1,0,1,52,5,180,141,82.5,203.327,205.135,3.45341,6.9959,4.56818, "2020-03-25 [15:20:29]: no comment"
"\\Mac\Home\Desktop\ot1-colony-picker-master\2020 cropped.tiff", 0,1175.5,148,1,0,1,46,4,182,134,79.1739,196.913,200.043,2.90314,5.03693,4.16198, "2020-03-25 [15:20:29]: no comment"
"\\Mac\Home\Desktop\ot1-colony-picker-master\2020 cropped.tiff", 0,897,150,1,0,1,98,6,180,146,84.6837,209.429,208.765,4.45111,9.25858,5.55757, "2020-03-25 [15:20:29]: no comment"
"\\Mac\Home\Desktop\ot1-colony-picker-master\2020 cropped.tiff", 1,1541,142,1,0,1,40,4,168,79,121.925,185.35,172.15,3.37052,9.53976,3.19716, "2020-03-25 [15:20:29]: no comment"
"\\Mac\Home\Desktop\ot1-colony-picker-master\2020 cropped.tiff", 1,909,131.5,1,0,1,61,5,180,141,83.9508,203.967,205.557,4.38476,6.90628,4.1075, "2020-03-25 [15:20:29]: no comment"
"\\Mac\Home\Desktop\ot1-colony-picker-master\2020 cropped.tiff", 1,491,128.5,1,0,1,22,4,180,140,85.8182,205.682,205.636,2.40248,4.06574,3.34609, "2020-03-25 [15:20:29]: no comment"
"\\Mac\Home\Desktop\ot1-colony-picker-master\2020 cropped.tiff", 1,422.25,130.25,1,0,1,81,6,180,139,81.5679,204.346,202.988,3.3567,6.81008,4.97677, "2020-03-25 [15:20:29]: no comment"
"\\Mac\Home\Desktop\ot1-colony-picker-master\2020 cropped.tiff", 0,1607.48,130.542,1,0,1,157,8,36,151,153.274,106.146,39.3694,12.2287,9.55914,6.81157, "2020-03-25 [15:20:29]: no comment"
"\\Mac\Home\Desktop\ot1-colony-picker-master\2020 cropped.tiff", 1,251.5,126,1,0,1,69,5,182,126,79.7246,193.594,196.449,3.04219,5.74363,4.17388, "2020-03-25 [15:20:29]: no comment"
"\\Mac\Home\Desktop\ot1-colony-picker-master\2020 cropped.tiff", 1,668.5,121,1,0,1,44,4,180,137,85.6818,204.068,203.318,2.41056,6.38262,3.46588, "2020-03-25 [15:20:29]: no comment"
"\\Mac\Home\Desktop\ot1-colony-picker-master\2020 cropped.tiff", 0,22.5,127,1,0,1,416,12,40,151,140.779,105.94,35.875,12.5912,9.68458,5.40048, "2020-03-25 [15:20:29]: no comment"
"\\Mac\Home\Desktop\ot1-colony-picker-master\2020 cropped.tiff", 1,660,110.5,1,0,1,33,4,178,142,88.7879,207.788,205.606,2.60977,5.40219,4.70045, "2020-03-25 [15:20:29]: no comment"
"\\Mac\Home\Desktop\ot1-colony-picker-master\2020 cropped.tiff", 1,682.25,100.75,1,0,1,76,5,174,150,89.3553,211.75,200.013,3.42087,6.98271,5.22553, "2020-03-25 [15:20:29]: no comment"
"\\Mac\Home\Desktop\ot1-colony-picker-master\2020 cropped.tiff", 1,1386.5,84.4999,1,0,1,33,4,164,63,117.273,172.273,157.576,4.44016,10.1495,17.3874, "2020-03-25 [15:20:29]: no comment"
"\\Mac\Home\Desktop\ot1-colony-picker-master\2020 cropped.tiff", 1,1484.5,75,1,0,1,31,4,164,82,114.516,182.903,166.387,2.66309,7.70269,2.73535, "2020-03-25 [15:20:29]: no comment"
"\\Mac\Home\Desktop\ot1-colony-picker-master\2020 cropped.tiff", 0,782.588,20.353,1,0,1,61,5,86,183,73.7541,115.705,19.3279,4.16568,7.44611,6.29993, "2020-03-25 [15:20:29]: no comment"
"\\Mac\Home\Desktop\ot1-colony-picker-master\2020 cropped.tiff", 0,318.5,16.5,1,0,1,38,4,90,201,71.1316,126.895,15.0526,4.63587,5.80564,5.57653, "2020-03-25 [15:20:29]: no comment"
"\\Mac\Home\Desktop\ot1-colony-picker-master\2020 cropped.tiff", 0,782.5,4,1,0,1,29,4,86,158,103.621,156.828,36.9655,4.75466,9.71411,4.26404, "2020-03-25 [15:20:29]: no comment"
"\\Mac\Home\Desktop\ot1-colony-picker-master\2020 cropped.tiff", 0,543.5,3.5,1,0,1,54,5,88,165,102.796,163.241,34.8333,5.38169,16.762,4.27589, "2020-03-25 [15:20:29]: no comment"
